 <pre>

 Contingency table for Low clouds (octas)
 Selection: ALL     32 stations
Period: 20180601-20180614
Used {00,12} + 01 02 ... 24
 Limits    1.00000000       2.00000000       3.00000000       4.00000000       5.00000000       6.00000000       7.00000000    
 Each class is data <= limit, the very last > last limit
 Total number of values       17177
                                              OBSERVATION
                                   2553      383      439      293      380      326      951      620 |      5945
                                    126       33       49       38       31       29      132       88 |       526
                                     81       16       28       24       20       22       95       57 |       343
                    2500m_WOPT       60       14       29       15       21       26       78       56 |       299
                                     40       16       30       21       18       20       70       54 |       269
                                     63       29       21       25       41       26      103       84 |       392
                                    120       41       41       57       63       32      224      157 |       735
                                    870      417      502      440      557      546     2858     2478 |      8668

                    SUM            3913      949     1139      913     1131     1027     4511     3594 |     17177
                                              OBSERVATION
                                   2751      412      484      359      444      359     1067      735 |      6611
                                    136       38       50       43       48       46      154      116 |       631
                                     82       26       30       27       19       23       99       71 |       377
                     750m_WOPT       57       22       22       16       15       14       90       61 |       297
                                     45       24       23       19       14       15       68       43 |       251
                                     70       20       39       20       17       21       95       77 |       359
                                     95       29       46       30       40       40      191      160 |       631
                                    677      378      445      399      534      509     2747     2331 |      8020

                    SUM            3913      949     1139      913     1131     1027     4511     3594 |     17177

