 <pre>

 Contingency table for Cloud base (m)
 Selection: ALL     32 stations
Period: 20180601-20180614
Used {00,12} + 01 02 ... 24
 Limits    70.0000000       150.000000       300.000000       600.000000       1000.00000       1500.00000       2500.00000       5000.00000    
 Each class is data <= limit, the very last > last limit
 Total number of values       16027
                                                       OBSERVATION
                                    305       94       57       29        7       28       26       25        1 |       572
                                    121       99       80       26        2        6       22        7        0 |       363
                                    129      162      222      136       31       27       31       24        3 |       765
                                    126      134      309      547      226      140       54       44        6 |      1586
                    2500m_WOPT       84       96      197      821     1048      478      109       92       21 |      2946
                                    101       46      119      449      942     1007      180       70       37 |      2951
                                     72       40       28      173      197      264      186       73       21 |      1054
                                     21       26       18       69       63       65      100      185       25 |       572
                                    250      171      183      585     1001     1279      557      710      482 |      5218

                    SUM            1209      868     1213     2835     3517     3294     1265     1230      596 |     16027
                                                       OBSERVATION
                                    293       88       23       10        4       20       19       31        1 |       489
                                    132       61       26       15        7        2        6        5        2 |       256
                                    123      161      218       87       16       15        8        6        4 |       638
                                    136      150      358      531      198      125       43       40        9 |      1590
                     750m_WOPT       91       85      203      841     1113      557      135       50       28 |      3103
                                     78       56       76      351      677      785       99       64       22 |      2208
                                     41       19       44      174      245      322      149       30       20 |      1044
                                     22       12       18      112       85       91      114      176       14 |       644
                                    293      236      247      714     1172     1377      692      828      496 |      6055

                    SUM            1209      868     1213     2835     3517     3294     1265     1230      596 |     16027

