 <pre>

 Contingency table for Cloud base (m)
 Selection: Ireland     27 stations
Period: 20180601-20180614
Used {00,12} + 01 02 ... 24
 Limits    70.0000000       150.000000       300.000000       600.000000       1000.00000       1500.00000       2500.00000       5000.00000    
 Each class is data <= limit, the very last > last limit
 Total number of values       13899
                                                       OBSERVATION
                                    262       90       50       17        5       27       25       22        1 |       499
                                    103       92       74       24        2        4       22        6        0 |       327
                                    107      137      206      121       25       21       29       22        3 |       671
                                    108      127      298      482      212      111       49       42        2 |      1431
                    2500m_WOPT       72       94      184      705      953      398       89       75       16 |      2586
                                     87       42      112      424      855      857      133       55       28 |      2593
                                     67       37       21      138      174      212      158       59       11 |       877
                                     16       25       17       60       49       61       90      164       24 |       506
                                    218      160      173      515      893     1029      448      596      377 |      4409

                    SUM            1040      804     1135     2486     3168     2720     1043     1041      462 |     13899
                                                       OBSERVATION
                                    252       86       22        8        3       18       19       30        1 |       439
                                    114       58       24       10        5        2        6        5        2 |       226
                                    103      145      203       75       13        9        8        6        4 |       566
                                    127      141      338      480      186      105       38       38        9 |      1462
                     750m_WOPT       75       79      190      717     1029      491      121       38       28 |      2768
                                     67       53       71      321      614      666       75       53       18 |      1938
                                     33       16       39      148      224      271      132       28       11 |       902
                                     21       12       15       89       70       86      103      159       14 |       569
                                    248      214      233      638     1024     1072      541      684      375 |      5029

                    SUM            1040      804     1135     2486     3168     2720     1043     1041      462 |     13899

