 <pre>

 Contingency table for Low clouds (octas)
 Selection: Ireland     27 stations
Period: 20180601-20180614
Used {00,12} + 01 02 ... 24
 Limits    1.00000000       2.00000000       3.00000000       4.00000000       5.00000000       6.00000000       7.00000000    
 Each class is data <= limit, the very last > last limit
 Total number of values       14899
                                              OBSERVATION
                                   2138      310      361      248      320      249      852      523 |      5001
                                    111       27       46       36       25       23      116       79 |       463
                                     71       15       25       18       19       19       90       51 |       308
                    2500m_WOPT       50       13       27       12       17       21       74       50 |       264
                                     35       13       28       21       15       16       59       49 |       236
                                     50       24       21       21       33       19       92       78 |       338
                                    100       31       37       46       55       28      202      136 |       635
                                    747      320      433      342      473      481     2621     2237 |      7654

                    SUM            3302      753      978      744      957      856     4106     3203 |     14899
                                              OBSERVATION
                                   2255      331      398      301      366      287      947      626 |      5511
                                    127       32       47       35       41       35      132       99 |       548
                                     72       20       23       21       16       21       86       64 |       323
                     750m_WOPT       44       19       19       11       13       10       82       52 |       250
                                     39       18       23       16       10       11       60       37 |       214
                                     62       14       30       16       13       15       83       59 |       292
                                     84       23       42       21       36       35      169      134 |       544
                                    619      296      396      323      462      442     2547     2132 |      7217

                    SUM            3302      753      978      744      957      856     4106     3203 |     14899

